X-ray (ID 01) / Crystal angle ?_c	X-ray (ID 01) / Impulse Imp
?_c/°	Imp/# / s

0.0	8146
0.1	12549
0.2	12644
0.3	12668
0.4	12604
0.5	12616
0.6	12606
0.7	12643
0.8	12571
0.9	12554
1.0	12450
1.1	12295
1.2	10688
1.3	7904
1.4	6317
1.5	6432
1.6	7201
1.7	8422
1.8	9878
1.9	10966
2.0	11001
2.1	10630
2.2	9935
2.3	8789
2.4	7063
2.5	4151
2.6	2349
2.7	1250
2.8	791
2.9	623
3.0	461
3.1	387
3.2	340
3.3	276
3.4	253
3.5	226
3.6	205
3.7	172
3.8	129
3.9	114
4.0	94
4.1	105
4.2	79
4.3	80
4.4	59
4.5	53
4.6	46
4.7	45
4.8	49
4.9	45
5.0	56
5.1	54
5.2	70
5.3	78
5.4	117
5.5	119
5.6	148
5.7	171
5.8	187
5.9	193
6.0	202
6.1	233
6.2	229
6.3	253
6.4	263
6.5	255
6.6	278
6.7	269
6.8	294
6.9	295
7.0	293
7.1	304
7.2	291
7.3	308
7.4	314
7.5	329
7.6	311
7.7	302
7.8	333
7.9	330
8.0	331
8.1	338
8.2	347
8.3	349
8.4	361
8.5	365
8.6	324
8.7	331
8.8	402
8.9	498
9.0	718
9.1	950
9.2	932
9.3	654
9.4	516
9.5	398
9.6	428
9.7	414
9.8	409
9.9	493
10.0	734
10.1	1264
10.2	2633
10.3	3398
10.4	2262
10.5	1350
10.6	633
10.7	471
10.8	430
10.9	421
11.0	462
11.1	436
11.2	410
11.3	456
11.4	443
11.5	463
11.6	429
11.7	457
11.8	443
11.9	437
12.0	423
12.1	409
12.2	498
12.3	462
12.4	445
12.5	473
12.6	415
12.7	466
12.8	420
12.9	437
13.0	455
13.1	441
13.2	476
13.3	417
13.4	427
13.5	363
13.6	400
13.7	362
13.8	387
13.9	396
14.0	388
14.1	367
14.2	377
14.3	350
14.4	367
14.5	336
14.6	348
14.7	342
14.8	341
14.9	352
15.0	356
15.1	360
15.2	340
15.3	350
15.4	341
15.5	344
15.6	344
15.7	340
15.8	319
15.9	336
16.0	330
16.1	318
16.2	317
16.3	327
16.4	323
16.5	312
16.6	289
16.7	281
16.8	277
16.9	285
17.0	304
17.1	299
17.2	295
17.3	253
17.4	277
17.5	258
17.6	293
17.7	266
17.8	233
17.9	248
18.0	256
18.1	277
18.2	271
18.3	275
18.4	345
18.5	324
18.6	265
18.7	293
18.8	271
18.9	262
19.0	289
19.1	243
19.2	270
19.3	256
19.4	247
19.5	244
19.6	251
19.7	256
19.8	225
19.9	245
20.0	220
20.1	227
20.2	211
20.3	220
20.4	207
20.5	232
20.6	378
20.7	583
20.8	608
20.9	523
21.0	324
21.1	249
21.2	189
21.3	202
21.4	186
21.5	189
21.6	213
21.7	234
21.8	200
21.9	179
22.0	174
22.1	162
22.2	146
22.3	147
22.4	151
22.5	174
22.6	169
22.7	152
22.8	129
22.9	125
23.0	162
23.1	117
23.2	119
23.3	114
23.4	115
23.5	113
23.6	111
23.7	109
23.8	93
23.9	102
24.0	114
24.1	116
24.2	96
24.3	107
24.4	107
24.5	98
24.6	96
24.7	82
24.8	88
24.9	115
25.0	82
25.1	80
25.2	86
25.3	89
25.4	83
25.5	90
25.6	76
25.7	67
25.8	78
25.9	75
26.0	64
26.1	65
26.2	69
26.3	60
26.4	66
26.5	67
26.6	52
26.7	74
26.8	64
26.9	65
27.0	56
27.1	64
27.2	57
27.3	64
27.4	55
27.5	50
27.6	47
27.7	66
27.8	50
27.9	48
28.0	56
28.1	60
28.2	50
28.3	58
28.4	48
28.5	47
28.6	44
28.7	38
28.8	48
28.9	36
29.0	57
29.1	37
29.2	34
29.3	41
29.4	44
29.5	30
29.6	35
29.7	30
29.8	31
29.9	36
30.0	29
30.1	23
30.2	36
30.3	44
30.4	23
30.5	28
30.6	23
30.7	37
30.8	26
30.9	30
31.0	20
31.1	24
31.2	39
31.3	36
31.4	38
31.5	29
31.6	31
31.7	32
31.8	37
31.9	51
32.0	55
32.1	64
32.2	67
32.3	68
32.4	35
32.5	32
32.6	28
32.7	24
32.8	21
32.9	20
33.0	23
33.1	25
33.2	25
33.3	27
33.4	29
33.5	26
33.6	16
33.7	23
33.8	23
33.9	22
34.0	26
34.1	31
34.2	27
34.3	17
34.4	20
34.5	25
34.6	16
34.7	14
34.8	18
34.9	18
35.0	24
35.1	15
35.2	19
35.3	25
35.4	18
35.5	31
35.6	20
35.7	21
35.8	18
35.9	24
36.0	20
36.1	22
36.2	19
36.3	28
36.4	22
36.5	30
36.6	21
36.7	22
36.8	22
36.9	25
37.0	15
37.1	18
37.2	22
37.3	20
37.4	18
37.5	15
37.6	12
37.7	24
37.8	20
37.9	18
38.0	21
38.1	20
38.2	15
38.3	25
38.4	17
38.5	19
38.6	16
38.7	15
38.8	16
38.9	14
39.0	15
39.1	16
39.2	19
39.3	15
39.4	18
39.5	24
39.6	12
39.7	19
39.8	12
39.9	19
40.0	18
40.1	15
40.2	17
40.3	19
40.4	18
40.5	17
40.6	24
40.7	15
40.8	14
40.9	22
41.0	16
41.1	18
41.2	12
41.3	9
41.4	14
41.5	19
41.6	20
41.7	19
41.8	12
41.9	12
42.0	13
42.1	20
42.2	15
42.3	17
42.4	15
42.5	17
42.6	17
42.7	13
42.8	9
42.9	16
43.0	13
43.1	14
43.2	13
43.3	12
43.4	9
43.5	16
43.6	18
43.7	18
43.8	12
43.9	19
44.0	11
44.1	12
44.2	6
44.3	14
44.4	13
44.5	18
44.6	17
44.7	15
44.8	24
44.9	29
45.0	19
45.1	16
45.2	13
45.3	23
45.4	12
45.5	20
45.6	22
45.7	20
45.8	13
45.9	14
46.0	18
46.1	11
46.2	10
46.3	15
46.4	16
46.5	18
46.6	16
46.7	14
46.8	16
46.9	10
47.0	11
47.1	22
47.2	18
47.3	11
47.4	23
47.5	18
47.6	10
47.7	11
47.8	7
47.9	11
48.0	12
48.1	11
48.2	14
48.3	5
48.4	12
48.5	16
48.6	12
48.7	12
48.8	15
48.9	14
49.0	12
49.1	13
49.2	11
49.3	10
49.4	10
49.5	17
49.6	15
49.7	8
49.8	7
49.9	12
50.0	14
50.1	17
50.2	16
50.3	6
50.4	9
50.5	11
50.6	20
50.7	10
50.8	17
50.9	8
51.0	15
51.1	11
51.2	12
51.3	9
51.4	14
51.5	5
51.6	15
51.7	15
51.8	12
51.9	9
52.0	16
52.1	9
52.2	13
52.3	7
52.4	14
52.5	16
52.6	7
52.7	7
52.8	12
52.9	12
53.0	7
53.1	11
53.2	6
53.3	14
53.4	16
53.5	11
53.6	6
53.7	14
53.8	10
53.9	9
54.0	18
54.1	10
54.2	12
54.3	9
54.4	13
54.5	14
54.6	16
54.7	10
54.8	10
54.9	13
55.0	12
55.1	9
55.2	12
55.3	8
55.4	15
55.5	16
55.6	6
55.7	6
55.8	10
55.9	11
56.0	16
56.1	14
56.2	7
56.3	8
56.4	7
56.5	10
56.6	14
56.7	13
56.8	20
56.9	20
57.0	11
57.1	14
57.2	13
57.3	10
57.4	10
57.5	9
57.6	10
57.7	16
57.8	10
57.9	12
58.0	17
58.1	13
58.2	9
58.3	13
58.4	15
58.5	11
58.6	7
58.7	16
58.8	13
58.9	14
59.0	14
59.1	5
59.2	12
59.3	10
59.4	10
59.5	12
59.6	8
59.7	11
59.8	10
59.9	12
60.0	14
