Time	X-ray (ID 01) / Impulse Imp	X-ray (ID 01) / Voltage U	X-ray (ID 01) / Current I	X-ray (ID 01) / Detector angle ?_d	X-ray (ID 01) / Crystal angle ?_c
t/s	Imp/# / s	U/kV	I/mA	?_d/°	?_c/°

0.00	12648	35.0	1.00	0.0	0.0
1.00	12571	35.0	1.00	0.2	0.1
2.00	12474	35.0	1.00	0.4	0.2
3.00	12448	35.0	1.00	0.6	0.3
4.00	12462	35.0	1.00	0.8	0.4
5.00	12428	35.0	1.00	1.0	0.5
6.00	12441	35.0	1.00	1.2	0.6
7.00	12493	35.0	1.00	1.4	0.7
8.00	12498	35.0	1.00	1.6	0.8
9.00	12531	35.0	1.00	1.8	0.9
10.00	12536	35.0	1.00	2.0	1.0
11.00	12563	35.0	1.00	2.2	1.1
12.00	12504	35.0	1.00	2.4	1.2
13.00	12390	35.0	1.00	2.6	1.3
14.00	12144	35.0	1.00	2.8	1.4
15.00	11179	35.0	1.00	3.0	1.5
16.00	10204	35.0	1.00	3.2	1.6
17.00	10044	35.0	1.00	3.4	1.7
18.00	10319	35.0	1.00	3.6	1.8
19.00	10426	35.0	1.00	3.8	1.9
20.00	10292	35.0	1.00	4.0	2.0
21.00	10056	35.0	1.00	4.2	2.1
22.00	9721	35.0	1.00	4.4	2.2
23.00	9263	35.0	1.00	4.6	2.3
24.00	8364	35.0	1.00	4.8	2.4
25.00	7170	35.0	1.00	5.0	2.5
26.00	5146	35.0	1.00	5.2	2.6
27.00	3542	35.0	1.00	5.4	2.7
28.00	2426	35.0	1.00	5.6	2.8
29.00	1649	35.0	1.00	5.8	2.9
30.00	1109	35.0	1.00	6.0	3.0
31.00	680	35.0	1.00	6.2	3.1
32.00	437	35.0	1.00	6.4	3.2
33.00	286	35.0	1.00	6.6	3.3
34.00	210	35.0	1.00	6.8	3.4
35.00	212	35.0	1.00	7.0	3.5
36.00	200	35.0	1.00	7.2	3.6
37.00	165	35.0	1.00	7.4	3.7
38.00	151	35.0	1.00	7.6	3.8
39.00	138	35.0	1.00	7.8	3.9
40.00	110	35.0	1.00	8.0	4.0
41.00	77	35.0	1.00	8.2	4.1
42.00	80	35.0	1.00	8.4	4.2
43.00	74	35.0	1.00	8.6	4.3
44.00	52	35.0	1.00	8.8	4.4
45.00	58	35.0	1.00	9.0	4.5
46.00	42	35.0	1.00	9.2	4.6
47.00	45	35.0	1.00	9.4	4.7
48.00	43	35.0	1.00	9.6	4.8
49.00	53	35.0	1.00	9.8	4.9
50.00	37	35.0	1.00	10.0	5.0
51.00	55	35.0	1.00	10.2	5.1
52.00	54	35.0	1.00	10.4	5.2
53.00	65	35.0	1.00	10.6	5.3
54.00	100	35.0	1.00	10.8	5.4
55.00	114	35.0	1.00	11.0	5.5
56.00	132	35.0	1.00	11.2	5.6
57.00	134	35.0	1.00	11.4	5.7
58.00	138	35.0	1.00	11.6	5.8
59.00	159	35.0	1.00	11.8	5.9
60.00	155	35.0	1.00	12.0	6.0
61.00	180	35.0	1.00	12.2	6.1
62.00	201	35.0	1.00	12.4	6.2
63.00	174	35.0	1.00	12.6	6.3
64.00	185	35.0	1.00	12.8	6.4
65.00	195	35.0	1.00	13.0	6.5
66.00	214	35.0	1.00	13.2	6.6
67.00	229	35.0	1.00	13.4	6.7
68.00	200	35.0	1.00	13.6	6.8
69.00	224	35.0	1.00	13.8	6.9
70.00	217	35.0	1.00	14.0	7.0
71.00	220	35.0	1.00	14.2	7.1
72.00	236	35.0	1.00	14.4	7.2
73.00	241	35.0	1.00	14.6	7.3
74.00	263	35.0	1.00	14.8	7.4
75.00	267	35.0	1.00	15.0	7.5
76.00	245	35.0	1.00	15.2	7.6
77.00	241	35.0	1.00	15.4	7.7
78.00	253	35.0	1.00	15.6	7.8
79.00	243	35.0	1.00	15.8	7.9
80.00	233	35.0	1.00	16.0	8.0
81.00	265	35.0	1.00	16.2	8.1
82.00	274	35.0	1.00	16.4	8.2
83.00	240	35.0	1.00	16.6	8.3
84.00	272	35.0	1.00	16.8	8.4
85.00	293	35.0	1.00	17.0	8.5
86.00	249	35.0	1.00	17.2	8.6
87.00	291	35.0	1.00	17.4	8.7
88.00	306	35.0	1.00	17.6	8.8
89.00	265	35.0	1.00	17.8	8.9
90.00	277	35.0	1.00	18.0	9.0
91.00	264	35.0	1.00	18.2	9.1
92.00	275	35.0	1.00	18.4	9.2
93.00	278	35.0	1.00	18.6	9.3
94.00	279	35.0	1.00	18.8	9.4
95.00	300	35.0	1.00	19.0	9.5
96.00	283	35.0	1.00	19.2	9.6
97.00	293	35.0	1.00	19.4	9.7
98.00	277	35.0	1.00	19.6	9.8
99.00	315	35.0	1.00	19.8	9.9
100.00	280	35.0	1.00	20.0	10.0
101.00	316	35.0	1.00	20.2	10.1
102.00	283	35.0	1.00	20.4	10.2
103.00	321	35.0	1.00	20.6	10.3
104.00	260	35.0	1.00	20.8	10.4
105.00	293	35.0	1.00	21.0	10.5
106.00	308	35.0	1.00	21.2	10.6
107.00	285	35.0	1.00	21.4	10.7
108.00	325	35.0	1.00	21.6	10.8
109.00	325	35.0	1.00	21.8	10.9
110.00	313	35.0	1.00	22.0	11.0
111.00	293	35.0	1.00	22.2	11.1
112.00	297	35.0	1.00	22.4	11.2
113.00	293	35.0	1.00	22.6	11.3
114.00	317	35.0	1.00	22.8	11.4
115.00	290	35.0	1.00	23.0	11.5
116.00	340	35.0	1.00	23.2	11.6
117.00	332	35.0	1.00	23.4	11.7
118.00	306	35.0	1.00	23.6	11.8
119.00	320	35.0	1.00	23.8	11.9
120.00	318	35.0	1.00	24.0	12.0
121.00	325	35.0	1.00	24.2	12.1
122.00	297	35.0	1.00	24.4	12.2
123.00	313	35.0	1.00	24.6	12.3
124.00	303	35.0	1.00	24.8	12.4
125.00	301	35.0	1.00	25.0	12.5
126.00	302	35.0	1.00	25.2	12.6
127.00	315	35.0	1.00	25.4	12.7
128.00	287	35.0	1.00	25.6	12.8
129.00	309	35.0	1.00	25.8	12.9
130.00	319	35.0	1.00	26.0	13.0
131.00	279	35.0	1.00	26.2	13.1
132.00	302	35.0	1.00	26.4	13.2
133.00	276	35.0	1.00	26.6	13.3
134.00	242	35.0	1.00	26.8	13.4
135.00	267	35.0	1.00	27.0	13.5
136.00	243	35.0	1.00	27.2	13.6
137.00	264	35.0	1.00	27.4	13.7
138.00	261	35.0	1.00	27.6	13.8
139.00	262	35.0	1.00	27.8	13.9
140.00	253	35.0	1.00	28.0	14.0
141.00	254	35.0	1.00	28.2	14.1
142.00	235	35.0	1.00	28.4	14.2
143.00	214	35.0	1.00	28.6	14.3
144.00	230	35.0	1.00	28.8	14.4
145.00	260	35.0	1.00	29.0	14.5
146.00	226	35.0	1.00	29.2	14.6
147.00	245	35.0	1.00	29.4	14.7
148.00	234	35.0	1.00	29.6	14.8
149.00	228	35.0	1.00	29.8	14.9
150.00	232	35.0	1.00	30.0	15.0
151.00	219	35.0	1.00	30.2	15.1
152.00	251	35.0	1.00	30.4	15.2
153.00	226	35.0	1.00	30.6	15.3
154.00	206	35.0	1.00	30.8	15.4
155.00	250	35.0	1.00	31.0	15.5
156.00	209	35.0	1.00	31.2	15.6
157.00	195	35.0	1.00	31.4	15.7
158.00	234	35.0	1.00	31.6	15.8
159.00	204	35.0	1.00	31.8	15.9
160.00	217	35.0	1.00	32.0	16.0
161.00	167	35.0	1.00	32.2	16.1
162.00	183	35.0	1.00	32.4	16.2
163.00	169	35.0	1.00	32.6	16.3
164.00	224	35.0	1.00	32.8	16.4
165.00	188	35.0	1.00	33.0	16.5
166.00	194	35.0	1.00	33.2	16.6
167.00	193	35.0	1.00	33.4	16.7
168.00	172	35.0	1.00	33.6	16.8
169.00	154	35.0	1.00	33.8	16.9
170.00	191	35.0	1.00	34.0	17.0
171.00	178	35.0	1.00	34.2	17.1
172.00	191	35.0	1.00	34.4	17.2
173.00	182	35.0	1.00	34.6	17.3
174.00	159	35.0	1.00	34.8	17.4
175.00	187	35.0	1.00	35.0	17.5
176.00	198	35.0	1.00	35.2	17.6
177.00	170	35.0	1.00	35.4	17.7
178.00	182	35.0	1.00	35.6	17.8
179.00	183	35.0	1.00	35.8	17.9
180.00	158	35.0	1.00	36.0	18.0
181.00	162	35.0	1.00	36.2	18.1
182.00	162	35.0	1.00	36.4	18.2
183.00	149	35.0	1.00	36.6	18.3
184.00	172	35.0	1.00	36.8	18.4
185.00	131	35.0	1.00	37.0	18.5
186.00	150	35.0	1.00	37.2	18.6
187.00	154	35.0	1.00	37.4	18.7
188.00	165	35.0	1.00	37.6	18.8
189.00	162	35.0	1.00	37.8	18.9
190.00	159	35.0	1.00	38.0	19.0
191.00	151	35.0	1.00	38.2	19.1
192.00	154	35.0	1.00	38.4	19.2
193.00	148	35.0	1.00	38.6	19.3
194.00	157	35.0	1.00	38.8	19.4
195.00	127	35.0	1.00	39.0	19.5
196.00	165	35.0	1.00	39.2	19.6
197.00	115	35.0	1.00	39.4	19.7
198.00	164	35.0	1.00	39.6	19.8
199.00	191	35.0	1.00	39.8	19.9
200.00	360	35.0	1.00	40.0	20.0
201.00	813	35.0	1.00	40.2	20.1
202.00	2066	35.0	1.00	40.4	20.2
203.00	2456	35.0	1.00	40.6	20.3
204.00	1927	35.0	1.00	40.8	20.4
205.00	918	35.0	1.00	41.0	20.5
206.00	597	35.0	1.00	41.2	20.6
207.00	424	35.0	1.00	41.4	20.7
208.00	261	35.0	1.00	41.6	20.8
209.00	217	35.0	1.00	41.8	20.9
210.00	192	35.0	1.00	42.0	21.0
211.00	225	35.0	1.00	42.2	21.1
212.00	206	35.0	1.00	42.4	21.2
213.00	198	35.0	1.00	42.6	21.3
214.00	174	35.0	1.00	42.8	21.4
215.00	182	35.0	1.00	43.0	21.5
216.00	192	35.0	1.00	43.2	21.6
217.00	172	35.0	1.00	43.4	21.7
218.00	182	35.0	1.00	43.6	21.8
219.00	184	35.0	1.00	43.8	21.9
220.00	229	35.0	1.00	44.0	22.0
221.00	296	35.0	1.00	44.2	22.1
222.00	562	35.0	1.00	44.4	22.2
223.00	1288	35.0	1.00	44.6	22.3
224.00	2983	35.0	1.00	44.8	22.4
225.00	7880	35.0	1.00	45.0	22.5
226.00	8692	35.0	1.00	45.2	22.6
227.00	6401	35.0	1.00	45.4	22.7
228.00	3045	35.0	1.00	45.6	22.8
229.00	1384	35.0	1.00	45.8	22.9
230.00	712	35.0	1.00	46.0	23.0
231.00	360	35.0	1.00	46.2	23.1
232.00	176	35.0	1.00	46.4	23.2
233.00	143	35.0	1.00	46.6	23.3
234.00	147	35.0	1.00	46.8	23.4
235.00	139	35.0	1.00	47.0	23.5
236.00	126	35.0	1.00	47.2	23.6
237.00	108	35.0	1.00	47.4	23.7
238.00	90	35.0	1.00	47.6	23.8
239.00	117	35.0	1.00	47.8	23.9
240.00	84	35.0	1.00	48.0	24.0
241.00	107	35.0	1.00	48.2	24.1
242.00	105	35.0	1.00	48.4	24.2
243.00	120	35.0	1.00	48.6	24.3
244.00	99	35.0	1.00	48.8	24.4
245.00	108	35.0	1.00	49.0	24.5
246.00	95	35.0	1.00	49.2	24.6
247.00	88	35.0	1.00	49.4	24.7
248.00	68	35.0	1.00	49.6	24.8
249.00	90	35.0	1.00	49.8	24.9
250.00	73	35.0	1.00	50.0	25.0
251.00	81	35.0	1.00	50.2	25.1
252.00	78	35.0	1.00	50.4	25.2
253.00	62	35.0	1.00	50.6	25.3
254.00	79	35.0	1.00	50.8	25.4
255.00	82	35.0	1.00	51.0	25.5
256.00	70	35.0	1.00	51.2	25.6
257.00	79	35.0	1.00	51.4	25.7
258.00	75	35.0	1.00	51.6	25.8
259.00	60	35.0	1.00	51.8	25.9
260.00	68	35.0	1.00	52.0	26.0
261.00	78	35.0	1.00	52.2	26.1
262.00	57	35.0	1.00	52.4	26.2
263.00	67	35.0	1.00	52.6	26.3
264.00	58	35.0	1.00	52.8	26.4
265.00	65	35.0	1.00	53.0	26.5
266.00	62	35.0	1.00	53.2	26.6
267.00	46	35.0	1.00	53.4	26.7
268.00	56	35.0	1.00	53.6	26.8
269.00	50	35.0	1.00	53.8	26.9
270.00	46	35.0	1.00	54.0	27.0
271.00	46	35.0	1.00	54.2	27.1
272.00	42	35.0	1.00	54.4	27.2
273.00	49	35.0	1.00	54.6	27.3
274.00	43	35.0	1.00	54.8	27.4
275.00	46	35.0	1.00	55.0	27.5
276.00	41	35.0	1.00	55.2	27.6
277.00	64	35.0	1.00	55.4	27.7
278.00	49	35.0	1.00	55.6	27.8
279.00	50	35.0	1.00	55.8	27.9
280.00	43	35.0	1.00	56.0	28.0
281.00	41	35.0	1.00	56.2	28.1
282.00	43	35.0	1.00	56.4	28.2
283.00	28	35.0	1.00	56.6	28.3
284.00	29	35.0	1.00	56.8	28.4
285.00	36	35.0	1.00	57.0	28.5
286.00	37	35.0	1.00	57.2	28.6
287.00	30	35.0	1.00	57.4	28.7
288.00	32	35.0	1.00	57.6	28.8
289.00	34	35.0	1.00	57.8	28.9
290.00	40	35.0	1.00	58.0	29.0
291.00	31	35.0	1.00	58.2	29.1
292.00	36	35.0	1.00	58.4	29.2
293.00	27	35.0	1.00	58.6	29.3
294.00	22	35.0	1.00	58.8	29.4
295.00	29	35.0	1.00	59.0	29.5
296.00	34	35.0	1.00	59.2	29.6
297.00	30	35.0	1.00	59.4	29.7
298.00	31	35.0	1.00	59.6	29.8
299.00	35	35.0	1.00	59.8	29.9
300.00	28	35.0	1.00	60.0	30.0
301.00	30	35.0	1.00	60.2	30.1
302.00	22	35.0	1.00	60.4	30.2
303.00	23	35.0	1.00	60.6	30.3
304.00	22	35.0	1.00	60.8	30.4
305.00	27	35.0	1.00	61.0	30.5
306.00	29	35.0	1.00	61.2	30.6
307.00	22	35.0	1.00	61.4	30.7
308.00	22	35.0	1.00	61.6	30.8
309.00	25	35.0	1.00	61.8	30.9
310.00	23	35.0	1.00	62.0	31.0
311.00	24	35.0	1.00	62.2	31.1
312.00	20	35.0	1.00	62.4	31.2
313.00	25	35.0	1.00	62.6	31.3
314.00	18	35.0	1.00	62.8	31.4
315.00	19	35.0	1.00	63.0	31.5
316.00	24	35.0	1.00	63.2	31.6
317.00	22	35.0	1.00	63.4	31.7
318.00	27	35.0	1.00	63.6	31.8
319.00	19	35.0	1.00	63.8	31.9
320.00	25	35.0	1.00	64.0	32.0
321.00	22	35.0	1.00	64.2	32.1
322.00	14	35.0	1.00	64.4	32.2
323.00	17	35.0	1.00	64.6	32.3
324.00	14	35.0	1.00	64.8	32.4
325.00	14	35.0	1.00	65.0	32.5
326.00	12	35.0	1.00	65.2	32.6
327.00	22	35.0	1.00	65.4	32.7
328.00	27	35.0	1.00	65.6	32.8
329.00	18	35.0	1.00	65.8	32.9
330.00	21	35.0	1.00	66.0	33.0
331.00	15	35.0	1.00	66.2	33.1
332.00	26	35.0	1.00	66.4	33.2
333.00	23	35.0	1.00	66.6	33.3
334.00	12	35.0	1.00	66.8	33.4
335.00	16	35.0	1.00	67.0	33.5
336.00	9	35.0	1.00	67.2	33.6
337.00	24	35.0	1.00	67.4	33.7
338.00	18	35.0	1.00	67.6	33.8
339.00	22	35.0	1.00	67.8	33.9
340.00	13	35.0	1.00	68.0	34.0
341.00	19	35.0	1.00	68.2	34.1
342.00	15	35.0	1.00	68.4	34.2
343.00	16	35.0	1.00	68.6	34.3
344.00	19	35.0	1.00	68.8	34.4
345.00	17	35.0	1.00	69.0	34.5
346.00	10	35.0	1.00	69.2	34.6
347.00	15	35.0	1.00	69.4	34.7
348.00	10	35.0	1.00	69.6	34.8
349.00	18	35.0	1.00	69.8	34.9
350.00	15	35.0	1.00	70.0	35.0
351.00	16	35.0	1.00	70.2	35.1
352.00	18	35.0	1.00	70.4	35.2
353.00	9	35.0	1.00	70.6	35.3
354.00	24	35.0	1.00	70.8	35.4
355.00	18	35.0	1.00	71.0	35.5
356.00	18	35.0	1.00	71.2	35.6
357.00	10	35.0	1.00	71.4	35.7
358.00	14	35.0	1.00	71.6	35.8
359.00	10	35.0	1.00	71.8	35.9
360.00	13	35.0	1.00	72.0	36.0
361.00	11	35.0	1.00	72.2	36.1
362.00	13	35.0	1.00	72.4	36.2
363.00	8	35.0	1.00	72.6	36.3
364.00	10	35.0	1.00	72.8	36.4
365.00	23	35.0	1.00	73.0	36.5
366.00	10	35.0	1.00	73.2	36.6
367.00	11	35.0	1.00	73.4	36.7
368.00	13	35.0	1.00	73.6	36.8
369.00	12	35.0	1.00	73.8	36.9
370.00	15	35.0	1.00	74.0	37.0
371.00	16	35.0	1.00	74.2	37.1
372.00	13	35.0	1.00	74.4	37.2
373.00	11	35.0	1.00	74.6	37.3
374.00	21	35.0	1.00	74.8	37.4
375.00	17	35.0	1.00	75.0	37.5
376.00	14	35.0	1.00	75.2	37.6
377.00	10	35.0	1.00	75.4	37.7
378.00	9	35.0	1.00	75.6	37.8
379.00	19	35.0	1.00	75.8	37.9
380.00	17	35.0	1.00	76.0	38.0
381.00	15	35.0	1.00	76.2	38.1
382.00	11	35.0	1.00	76.4	38.2
383.00	7	35.0	1.00	76.6	38.3
384.00	7	35.0	1.00	76.8	38.4
385.00	14	35.0	1.00	77.0	38.5
386.00	12	35.0	1.00	77.2	38.6
387.00	5	35.0	1.00	77.4	38.7
388.00	7	35.0	1.00	77.6	38.8
389.00	14	35.0	1.00	77.8	38.9
390.00	7	35.0	1.00	78.0	39.0
391.00	20	35.0	1.00	78.2	39.1
392.00	15	35.0	1.00	78.4	39.2
393.00	10	35.0	1.00	78.6	39.3
394.00	9	35.0	1.00	78.8	39.4
395.00	11	35.0	1.00	79.0	39.5
396.00	15	35.0	1.00	79.2	39.6
397.00	16	35.0	1.00	79.4	39.7
398.00	14	35.0	1.00	79.6	39.8
399.00	9	35.0	1.00	79.8	39.9
400.00	9	35.0	1.00	80.0	40.0
401.00	13	35.0	1.00	80.2	40.1
402.00	16	35.0	1.00	80.4	40.2
403.00	11	35.0	1.00	80.6	40.3
404.00	19	35.0	1.00	80.8	40.4
405.00	13	35.0	1.00	81.0	40.5
406.00	11	35.0	1.00	81.2	40.6
407.00	9	35.0	1.00	81.4	40.7
408.00	9	35.0	1.00	81.6	40.8
409.00	9	35.0	1.00	81.8	40.9
410.00	13	35.0	1.00	82.0	41.0
411.00	9	35.0	1.00	82.2	41.1
412.00	9	35.0	1.00	82.4	41.2
413.00	18	35.0	1.00	82.6	41.3
414.00	9	35.0	1.00	82.8	41.4
415.00	2	35.0	1.00	83.0	41.5
416.00	9	35.0	1.00	83.2	41.6
417.00	13	35.0	1.00	83.4	41.7
418.00	18	35.0	1.00	83.6	41.8
419.00	10	35.0	1.00	83.8	41.9
420.00	18	35.0	1.00	84.0	42.0
421.00	15	35.0	1.00	84.2	42.1
422.00	12	35.0	1.00	84.4	42.2
423.00	5	35.0	1.00	84.6	42.3
424.00	7	35.0	1.00	84.8	42.4
425.00	11	35.0	1.00	85.0	42.5
426.00	12	35.0	1.00	85.2	42.6
427.00	6	35.0	1.00	85.4	42.7
428.00	10	35.0	1.00	85.6	42.8
429.00	10	35.0	1.00	85.8	42.9
430.00	18	35.0	1.00	86.0	43.0
431.00	18	35.0	1.00	86.2	43.1
432.00	9	35.0	1.00	86.4	43.2
433.00	11	35.0	1.00	86.6	43.3
434.00	15	35.0	1.00	86.8	43.4
435.00	22	35.0	1.00	87.0	43.5
436.00	60	35.0	1.00	87.2	43.6
437.00	107	35.0	1.00	87.4	43.7
438.00	201	35.0	1.00	87.6	43.8
439.00	178	35.0	1.00	87.8	43.9
440.00	106	35.0	1.00	88.0	44.0
441.00	35	35.0	1.00	88.2	44.1
442.00	33	35.0	1.00	88.4	44.2
443.00	20	35.0	1.00	88.6	44.3
444.00	15	35.0	1.00	88.8	44.4
445.00	20	35.0	1.00	89.0	44.5
446.00	11	35.0	1.00	89.2	44.6
447.00	23	35.0	1.00	89.4	44.7
448.00	14	35.0	1.00	89.6	44.8
449.00	11	35.0	1.00	89.8	44.9
450.00	15	35.0	1.00	90.0	45.0
451.00	13	35.0	1.00	90.2	45.1
452.00	19	35.0	1.00	90.4	45.2
453.00	12	35.0	1.00	90.6	45.3
454.00	6	35.0	1.00	90.8	45.4
455.00	10	35.0	1.00	91.0	45.5
456.00	16	35.0	1.00	91.2	45.6
457.00	13	35.0	1.00	91.4	45.7
458.00	9	35.0	1.00	91.6	45.8
459.00	11	35.0	1.00	91.8	45.9
460.00	12	35.0	1.00	92.0	46.0
461.00	10	35.0	1.00	92.2	46.1
462.00	16	35.0	1.00	92.4	46.2
463.00	12	35.0	1.00	92.6	46.3
464.00	11	35.0	1.00	92.8	46.4
465.00	16	35.0	1.00	93.0	46.5
466.00	18	35.0	1.00	93.2	46.6
467.00	11	35.0	1.00	93.4	46.7
468.00	6	35.0	1.00	93.6	46.8
469.00	9	35.0	1.00	93.8	46.9
470.00	5	35.0	1.00	94.0	47.0
471.00	11	35.0	1.00	94.2	47.1
472.00	7	35.0	1.00	94.4	47.2
473.00	15	35.0	1.00	94.6	47.3
474.00	8	35.0	1.00	94.8	47.4
475.00	11	35.0	1.00	95.0	47.5
476.00	14	35.0	1.00	95.2	47.6
477.00	15	35.0	1.00	95.4	47.7
478.00	10	35.0	1.00	95.6	47.8
479.00	9	35.0	1.00	95.8	47.9
480.00	17	35.0	1.00	96.0	48.0
481.00	13	35.0	1.00	96.2	48.1
482.00	16	35.0	1.00	96.4	48.2
483.00	5	35.0	1.00	96.6	48.3
484.00	11	35.0	1.00	96.8	48.4
485.00	14	35.0	1.00	97.0	48.5
486.00	18	35.0	1.00	97.2	48.6
487.00	17	35.0	1.00	97.4	48.7
488.00	18	35.0	1.00	97.6	48.8
489.00	17	35.0	1.00	97.8	48.9
490.00	9	35.0	1.00	98.0	49.0
491.00	19	35.0	1.00	98.2	49.1
492.00	16	35.0	1.00	98.4	49.2
493.00	17	35.0	1.00	98.6	49.3
494.00	21	35.0	1.00	98.8	49.4
495.00	17	35.0	1.00	99.0	49.5
496.00	41	35.0	1.00	99.2	49.6
497.00	73	35.0	1.00	99.4	49.7
498.00	162	35.0	1.00	99.6	49.8
499.00	564	35.0	1.00	99.8	49.9
500.00	814	35.0	1.00	100.0	50.0
501.00	839	35.0	1.00	100.2	50.1
502.00	587	35.0	1.00	100.4	50.2
503.00	303	35.0	1.00	100.6	50.3
504.00	94	35.0	1.00	100.8	50.4
505.00	43	35.0	1.00	101.0	50.5
506.00	27	35.0	1.00	101.2	50.6
507.00	16	35.0	1.00	101.4	50.7
508.00	19	35.0	1.00	101.6	50.8
509.00	21	35.0	1.00	101.8	50.9
510.00	13	35.0	1.00	102.0	51.0
511.00	13	35.0	1.00	102.2	51.1
512.00	10	35.0	1.00	102.4	51.2
513.00	12	35.0	1.00	102.6	51.3
514.00	15	35.0	1.00	102.8	51.4
515.00	8	35.0	1.00	103.0	51.5
516.00	8	35.0	1.00	103.2	51.6
517.00	16	35.0	1.00	103.4	51.7
518.00	18	35.0	1.00	103.6	51.8
519.00	14	35.0	1.00	103.8	51.9
520.00	8	35.0	1.00	104.0	52.0
521.00	9	35.0	1.00	104.2	52.1
522.00	7	35.0	1.00	104.4	52.2
523.00	13	35.0	1.00	104.6	52.3
524.00	7	35.0	1.00	104.8	52.4
525.00	16	35.0	1.00	105.0	52.5
526.00	9	35.0	1.00	105.2	52.6
527.00	19	35.0	1.00	105.4	52.7
528.00	16	35.0	1.00	105.6	52.8
529.00	9	35.0	1.00	105.8	52.9
530.00	12	35.0	1.00	106.0	53.0
531.00	4	35.0	1.00	106.2	53.1
532.00	7	35.0	1.00	106.4	53.2
533.00	8	35.0	1.00	106.6	53.3
534.00	8	35.0	1.00	106.8	53.4
535.00	7	35.0	1.00	107.0	53.5
536.00	10	35.0	1.00	107.2	53.6
537.00	9	35.0	1.00	107.4	53.7
538.00	5	35.0	1.00	107.6	53.8
539.00	11	35.0	1.00	107.8	53.9
540.00	6	35.0	1.00	108.0	54.0
541.00	8	35.0	1.00	108.2	54.1
542.00	8	35.0	1.00	108.4	54.2
543.00	10	35.0	1.00	108.6	54.3
544.00	13	35.0	1.00	108.8	54.4
545.00	13	35.0	1.00	109.0	54.5
546.00	7	35.0	1.00	109.2	54.6
547.00	4	35.0	1.00	109.4	54.7
548.00	11	35.0	1.00	109.6	54.8
549.00	12	35.0	1.00	109.8	54.9
550.00	8	35.0	1.00	110.0	55.0
551.00	17	35.0	1.00	110.2	55.1
552.00	11	35.0	1.00	110.4	55.2
553.00	11	35.0	1.00	110.6	55.3
554.00	10	35.0	1.00	110.8	55.4
555.00	7	35.0	1.00	111.0	55.5
556.00	14	35.0	1.00	111.2	55.6
557.00	4	35.0	1.00	111.4	55.7
558.00	8	35.0	1.00	111.6	55.8
559.00	18	35.0	1.00	111.8	55.9
560.00	14	35.0	1.00	112.0	56.0
561.00	11	35.0	1.00	112.2	56.1
562.00	8	35.0	1.00	112.4	56.2
563.00	6	35.0	1.00	112.6	56.3
564.00	3	35.0	1.00	112.8	56.4
565.00	13	35.0	1.00	113.0	56.5
566.00	9	35.0	1.00	113.2	56.6
567.00	7	35.0	1.00	113.4	56.7
568.00	6	35.0	1.00	113.6	56.8
569.00	12	35.0	1.00	113.8	56.9
570.00	10	35.0	1.00	114.0	57.0
571.00	10	35.0	1.00	114.2	57.1
572.00	8	35.0	1.00	114.4	57.2
573.00	12	35.0	1.00	114.6	57.3
574.00	6	35.0	1.00	114.8	57.4
575.00	7	35.0	1.00	115.0	57.5
576.00	13	35.0	1.00	115.2	57.6
577.00	5	35.0	1.00	115.4	57.7
578.00	8	35.0	1.00	115.6	57.8
579.00	6	35.0	1.00	115.8	57.9
580.00	7	35.0	1.00	116.0	58.0
581.00	12	35.0	1.00	116.2	58.1
582.00	7	35.0	1.00	116.4	58.2
583.00	10	35.0	1.00	116.6	58.3
584.00	10	35.0	1.00	116.8	58.4
585.00	4	35.0	1.00	117.0	58.5
586.00	5	35.0	1.00	117.2	58.6
587.00	9	35.0	1.00	117.4	58.7
588.00	14	35.0	1.00	117.6	58.8
589.00	6	35.0	1.00	117.8	58.9
590.00	7	35.0	1.00	118.0	59.0
591.00	6	35.0	1.00	118.2	59.1
592.00	13	35.0	1.00	118.4	59.2
593.00	8	35.0	1.00	118.6	59.3
594.00	7	35.0	1.00	118.8	59.4
595.00	6	35.0	1.00	119.0	59.5
596.00	9	35.0	1.00	119.2	59.6
597.00	3	35.0	1.00	119.4	59.7
598.00	17	35.0	1.00	119.6	59.8
599.00	8	35.0	1.00	119.8	59.9
600.00	6	35.0	1.00	120.0	60.0
601.00	7	35.0	1.00	120.2	60.1
602.00	4	35.0	1.00	120.4	60.2
603.00	12	35.0	1.00	120.6	60.3
604.00	10	35.0	1.00	120.8	60.4
605.00	13	35.0	1.00	121.0	60.5
606.00	7	35.0	1.00	121.2	60.6
607.00	3	35.0	1.00	121.4	60.7
608.00	7	35.0	1.00	121.6	60.8
609.00	10	35.0	1.00	121.8	60.9
610.00	4	35.0	1.00	122.0	61.0
611.00	6	35.0	1.00	122.2	61.1
612.00	7	35.0	1.00	122.4	61.2
613.00	9	35.0	1.00	122.6	61.3
614.00	17	35.0	1.00	122.8	61.4
615.00	10	35.0	1.00	123.0	61.5
616.00	10	35.0	1.00	123.2	61.6
617.00	15	35.0	1.00	123.4	61.7
618.00	6	35.0	1.00	123.6	61.8
619.00	6	35.0	1.00	123.8	61.9
620.00	10	35.0	1.00	124.0	62.0
621.00	8	35.0	1.00	124.2	62.1
622.00	11	35.0	1.00	124.4	62.2
623.00	3	35.0	1.00	124.6	62.3
624.00	9	35.0	1.00	124.8	62.4
625.00	13	35.0	1.00	125.0	62.5
626.00	10	35.0	1.00	125.2	62.6
627.00	7	35.0	1.00	125.4	62.7
628.00	10	35.0	1.00	125.6	62.8
629.00	9	35.0	1.00	125.8	62.9
630.00	9	35.0	1.00	126.0	63.0
631.00	11	35.0	1.00	126.2	63.1
632.00	7	35.0	1.00	126.4	63.2
633.00	8	35.0	1.00	126.6	63.3
634.00	13	35.0	1.00	126.8	63.4
635.00	5	35.0	1.00	127.0	63.5
636.00	7	35.0	1.00	127.2	63.6
637.00	6	35.0	1.00	127.4	63.7
638.00	10	35.0	1.00	127.6	63.8
639.00	13	35.0	1.00	127.8	63.9
640.00	11	35.0	1.00	128.0	64.0
641.00	16	35.0	1.00	128.2	64.1
642.00	14	35.0	1.00	128.4	64.2
643.00	9	35.0	1.00	128.6	64.3
644.00	9	35.0	1.00	128.8	64.4
645.00	12	35.0	1.00	129.0	64.5
646.00	7	35.0	1.00	129.2	64.6
647.00	6	35.0	1.00	129.4	64.7
648.00	5	35.0	1.00	129.6	64.8
649.00	14	35.0	1.00	129.8	64.9
650.00	10	35.0	1.00	130.0	65.0
651.00	15	35.0	1.00	130.2	65.1
652.00	8	35.0	1.00	130.4	65.2
653.00	8	35.0	1.00	130.6	65.3
654.00	12	35.0	1.00	130.8	65.4
655.00	7	35.0	1.00	131.0	65.5
656.00	14	35.0	1.00	131.2	65.6
657.00	6	35.0	1.00	131.4	65.7
658.00	9	35.0	1.00	131.6	65.8
659.00	4	35.0	1.00	131.8	65.9
660.00	13	35.0	1.00	132.0	66.0
661.00	4	35.0	1.00	132.2	66.1
662.00	4	35.0	1.00	132.4	66.2
663.00	4	35.0	1.00	132.6	66.3
664.00	4	35.0	1.00	132.8	66.4
665.00	11	35.0	1.00	133.0	66.5
666.00	5	35.0	1.00	133.2	66.6
667.00	12	35.0	1.00	133.4	66.7
668.00	10	35.0	1.00	133.6	66.8
669.00	10	35.0	1.00	133.8	66.9
670.00	14	35.0	1.00	134.0	67.0
671.00	7	35.0	1.00	134.2	67.1
672.00	8	35.0	1.00	134.4	67.2
673.00	10	35.0	1.00	134.6	67.3
674.00	7	35.0	1.00	134.8	67.4
675.00	9	35.0	1.00	135.0	67.5
676.00	11	35.0	1.00	135.2	67.6
677.00	5	35.0	1.00	135.4	67.7
678.00	7	35.0	1.00	135.6	67.8
679.00	8	35.0	1.00	135.8	67.9
680.00	3	35.0	1.00	136.0	68.0
681.00	9	35.0	1.00	136.2	68.1
682.00	8	35.0	1.00	136.4	68.2
683.00	9	35.0	1.00	136.6	68.3
684.00	8	35.0	1.00	136.8	68.4
685.00	8	35.0	1.00	137.0	68.5
686.00	12	35.0	1.00	137.2	68.6
687.00	10	35.0	1.00	137.4	68.7
688.00	8	35.0	1.00	137.6	68.8
689.00	4	35.0	1.00	137.8	68.9
690.00	11	35.0	1.00	138.0	69.0
691.00	10	35.0	1.00	138.2	69.1
692.00	8	35.0	1.00	138.4	69.2
693.00	8	35.0	1.00	138.6	69.3
694.00	6	35.0	1.00	138.8	69.4
695.00	7	35.0	1.00	139.0	69.5
696.00	5	35.0	1.00	139.2	69.6
697.00	6	35.0	1.00	139.4	69.7
698.00	9	35.0	1.00	139.6	69.8
699.00	21	35.0	1.00	139.8	69.9
700.00	5	35.0	1.00	140.0	70.0
701.00	7	35.0	1.00	140.2	70.1
702.00	10	35.0	1.00	140.4	70.2
703.00	9	35.0	1.00	140.6	70.3
704.00	11	35.0	1.00	140.8	70.4
705.00	7	35.0	1.00	141.0	70.5
706.00	5	35.0	1.00	141.2	70.6
707.00	7	35.0	1.00	141.4	70.7
708.00	18	35.0	1.00	141.6	70.8
709.00	11	35.0	1.00	141.8	70.9
710.00	9	35.0	1.00	142.0	71.0
711.00	12	35.0	1.00	142.2	71.1
712.00	9	35.0	1.00	142.4	71.2
713.00	11	35.0	1.00	142.6	71.3
714.00	14	35.0	1.00	142.8	71.4
715.00	10	35.0	1.00	143.0	71.5
716.00	14	35.0	1.00	143.2	71.6
717.00	14	35.0	1.00	143.4	71.7
718.00	8	35.0	1.00	143.6	71.8
719.00	9	35.0	1.00	143.8	71.9
720.00	7	35.0	1.00	144.0	72.0
721.00	7	35.0	1.00	144.2	72.1
722.00	9	35.0	1.00	144.4	72.2
723.00	6	35.0	1.00	144.6	72.3
724.00	12	35.0	1.00	144.8	72.4
725.00	10	35.0	1.00	145.0	72.5
726.00	8	35.0	1.00	145.2	72.6
727.00	8	35.0	1.00	145.4	72.7
728.00	10	35.0	1.00	145.6	72.8
729.00	13	35.0	1.00	145.8	72.9
730.00	10	35.0	1.00	146.0	73.0
731.00	12	35.0	1.00	146.2	73.1
732.00	9	35.0	1.00	146.4	73.2
733.00	10	35.0	1.00	146.6	73.3
734.00	10	35.0	1.00	146.8	73.4
735.00	9	35.0	1.00	147.0	73.5
736.00	15	35.0	1.00	147.2	73.6
737.00	15	35.0	1.00	147.4	73.7
738.00	12	35.0	1.00	147.6	73.8
739.00	14	35.0	1.00	147.8	73.9
740.00	10	35.0	1.00	148.0	74.0
741.00	4	35.0	1.00	148.2	74.1
742.00	17	35.0	1.00	148.4	74.2
743.00	12	35.0	1.00	148.6	74.3
744.00	13	35.0	1.00	148.8	74.4
745.00	9	35.0	1.00	149.0	74.5
746.00	13	35.0	1.00	149.2	74.6
747.00	9	35.0	1.00	149.4	74.7
748.00	13	35.0	1.00	149.6	74.8
749.00	12	35.0	1.00	149.8	74.9
750.00	8	35.0	1.00	150.0	75.0
